solvers:
['HiGHS', 'COIN-BC']
annotations:
['../models/largest-indomain_max.mzn']
n: Number of products
[1154, 109, 785, 682, 1566, 1171, 1432, 676, 651, 1451, 712, 1217, 1540, 263, 745, 879, 1690, 916, 533, 413, 1582, 112, 1008, 1679, 778, 219, 1020, 29, 240, 1426, 326, 99, 942, 114, 551, 760, 861, 474, 336, 211, 1147, 1194, 999, 1065, 561, 1607, 100, 291, 1348, 849, 471, 1512, 352, 1092, 1320, 1280, 1678, 821, 532, 1252, 1433, 387, 1233, 207, 344, 675, 1459, 1117, 885, 104, 523, 189, 1470, 1472, 491, 362, 1126, 261, 1545, 1465, 656, 907, 999, 676, 961, 505, 1254, 869, 589, 345, 942, 1352, 1018, 651, 1091, 572, 976, 674, 633, 534]
Times that took each solver with a timeout of 10s for each instance.
If 20s then it didnt find answer in 10s so reached cmd timeout.
(Values greater than 10s and less than 20 was because minizinc was looking for a last solution).
[[ 9.33  1.95]
 [ 0.28  2.93]
 [ 4.93  7.21]
 [ 3.18  9.46]
 [10.16  3.04]
 [10.16 10.19]
 [10.16  5.19]
 [ 3.63  3.23]
 [ 4.01  2.47]
 [10.16  3.16]
 [ 8.72  3.93]
 [10.16 10.28]
 [10.16 10.21]
 [ 1.83  0.43]
 [ 4.17  5.63]
 [ 8.71  0.63]
 [10.16 10.22]
 [ 0.38  6.21]
 [ 2.3   2.7 ]
 [ 1.4   2.14]
 [10.16 10.46]
 [ 0.61  3.38]
 [ 6.58  4.38]
 [10.16 10.22]
 [ 4.31 10.22]
 [ 0.85 10.1 ]
 [ 8.92  3.18]
 [ 0.24  2.13]
 [ 0.82  0.85]
 [10.16 10.46]
 [ 2.46  0.5 ]
 [ 0.28 10.09]
 [ 7.7  10.15]
 [ 0.34  0.19]
 [ 2.05  4.53]
 [ 4.23  6.25]
 [ 5.68 10.23]
 [ 1.81 10.13]
 [ 0.97 10.11]
 [ 0.91  9.18]
 [ 8.23 10.22]
 [ 6.97 10.19]
 [ 4.12  5.2 ]
 [ 8.68 10.21]
 [ 6.05  4.52]
 [10.16  5.3 ]
 [ 0.71  0.24]
 [ 0.96  5.23]
 [ 1.8  10.2 ]
 [ 4.83  8.08]
 [ 1.74  3.81]
 [10.16 10.18]
 [ 1.24  4.13]
 [ 7.07  4.75]
 [10.16 10.17]
 [10.16 10.17]
 [10.16 10.22]
 [ 4.25  2.34]
 [ 1.95  4.86]
 [ 7.21  2.93]
 [ 1.56  2.78]
 [ 1.38  0.69]
 [ 8.52  3.2 ]
 [ 1.41  0.92]
 [ 1.14 10.17]
 [ 4.07 10.15]
 [10.16  9.02]
 [10.16  8.27]
 [ 7.93  5.1 ]
 [ 0.24  0.76]
 [ 2.28  4.25]
 [ 1.31  8.81]
 [10.16 10.18]
 [ 2.42 10.29]
 [ 3.05  2.31]
 [ 4.1  10.2 ]
 [ 8.68 10.16]
 [ 1.44 10.46]
 [ 0.46 10.19]
 [10.16  8.32]
 [ 3.29 10.15]
 [ 4.76  4.83]
 [ 7.25  2.24]
 [ 3.76 10.18]
 [ 7.18  3.73]
 [ 4.64  2.04]
 [ 9.85  4.67]
 [ 4.34  6.54]
 [ 3.13 10.46]
 [ 0.98 10.1 ]
 [ 4.84  9.67]
 [10.16 10.26]
 [ 6.21 10.46]
 [ 5.68  9.71]
 [10.16  8.76]
 [ 4.11  3.21]
 [ 2.89 10.27]
 [ 3.4   8.37]
 [ 4.11  1.32]
 [ 3.66  1.64]]