solvers:
['HiGHS', 'COIN-BC']
annotations:
['../models/largest-indomain_max.mzn']
n: Number of products
[738, 282, 600, 504, 1474, 202, 1469, 779, 1297, 450, 1654, 1606, 774, 1580, 1137, 1467, 356, 222, 386, 30, 1350, 1659, 1577, 1571, 213, 1405, 415, 88, 1211, 256, 791, 824, 232, 746, 883, 1636, 1644, 249, 1579, 1456, 1413, 17, 82, 790, 145, 936, 384, 735, 54, 1260, 1460, 283, 585, 308, 964, 357, 1565, 557, 437, 334, 1307, 127, 560, 1663, 1202, 257, 1037, 300, 437, 525, 835, 238, 1179, 159, 1462, 76, 511, 1578, 1256, 40, 160, 138, 966, 157, 1018, 1382, 542, 1025, 1447, 1265, 1111, 1584, 767, 1682, 285, 596, 1108, 473, 1531, 1501, 352, 890, 1696, 203, 868, 967, 410, 43, 1040, 1259, 562, 1487, 41, 338, 1692, 10, 1599, 92, 1074, 326, 1621, 788, 105, 1692, 440, 1539, 175, 1464, 455, 1144, 527, 118, 1460, 291, 892, 400, 1162, 1366, 59, 167, 869, 662, 1206, 1359, 1589, 539, 138, 345, 653, 946, 1158, 994, 318, 1591, 309, 1469, 850, 1682, 1468, 634, 448, 1215, 1220, 1156, 1131, 980, 781, 941, 1634, 627, 1209, 419, 849, 433, 1515, 910, 263, 1490, 829, 1109, 726, 1556, 829, 1639, 444, 822, 1638, 340, 495, 412, 1261, 1583, 1356, 241, 902, 779, 336, 1392, 720, 53]
Times that took each solver with a timeout of 10s for each instance.
If 20s then it didnt find answer in 10s so reached cmd timeout.
(Values greater than 10s and less than 20 was because minizinc was looking for a last solution).
[[ 3.6   9.04]
 [ 0.84 10.11]
 [ 5.16 10.17]
 [ 2.    2.14]
 [12.82  5.04]
 [ 0.84  0.63]
 [12.82 10.23]
 [ 5.36  9.01]
 [12.82  6.03]
 [ 1.58  1.11]
 [12.82 10.55]
 [12.82  3.02]
 [ 5.1   4.57]
 [12.82 10.27]
 [12.82 10.15]
 [12.82 10.26]
 [ 3.44  0.59]
 [ 1.62  7.29]
 [ 2.06  3.84]
 [ 0.45  0.48]
 [10.16 10.16]
 [12.82 10.35]
 [12.82 10.2 ]
 [12.82  0.68]
 [ 0.73  7.33]
 [12.82 10.19]
 [ 3.17  0.49]
 [ 0.3   1.58]
 [ 7.58 10.28]
 [ 1.1   0.54]
 [12.82  5.88]
 [ 5.93 10.55]
 [ 1.46  0.44]
 [ 3.99  3.58]
 [10.23  3.93]
 [12.82  7.98]
 [12.82 10.18]
 [ 0.74  2.73]
 [12.82  6.23]
 [12.82 10.28]
 [ 9.43  4.87]
 [ 0.21  0.48]
 [ 1.19  2.64]
 [ 4.27  2.51]
 [ 0.95  0.75]
 [ 6.63 10.14]
 [ 1.17  6.48]
 [ 0.96  2.74]
 [ 0.18  0.32]
 [12.82  9.51]
 [12.82 10.29]
 [ 0.55  0.71]
 [ 2.71  8.43]
 [ 1.92  8.94]
 [ 5.15  4.41]
 [ 1.58  7.67]
 [12.82 10.22]
 [ 2.26  1.92]
 [ 4.83  6.14]
 [ 1.03  0.51]
 [12.82  3.86]
 [ 0.31  0.94]
 [ 2.49  0.96]
 [12.82  8.95]
 [ 9.99  8.76]
 [ 0.87  4.97]
 [ 7.97  7.39]
 [ 1.16  2.61]
 [ 3.46  1.37]
 [ 2.44  6.66]
 [ 5.72  1.13]
 [ 0.9  10.55]
 [10.16  1.86]
 [ 0.39 10.16]
 [12.82 10.14]
 [ 0.19  1.76]
 [ 2.16  2.05]
 [12.82 10.25]
 [ 8.74 10.21]
 [ 0.22  0.47]
 [ 0.43 10.35]
 [ 0.33  3.15]
 [ 6.45  5.13]
 [ 0.36  0.2 ]
 [12.82 10.2 ]
 [12.82 10.19]
 [ 3.33  0.39]
 [12.82  7.49]
 [12.82  7.79]
 [ 7.77  7.38]
 [ 7.84 10.19]
 [12.82  2.59]
 [ 3.39 10.13]
 [12.82 10.22]
 [ 1.76  1.93]
 [ 2.21  3.92]
 [ 8.08 10.27]
 [ 1.73  5.93]
 [12.82 10.19]
 [12.82 10.29]
 [ 0.94  1.09]
 [ 4.56  6.68]
 [12.82  7.52]
 [ 0.85  3.43]
 [ 7.75  8.81]
 [ 6.9   4.08]
 [ 1.97  9.67]
 [ 0.23  0.55]
 [ 6.76  4.04]
 [ 9.94  6.59]
 [ 2.9   4.94]
 [12.82 10.2 ]
 [ 0.2   7.48]
 [ 1.28  1.36]
 [12.82 10.26]
 [ 0.17  0.11]
 [12.82 10.24]
 [ 0.25 10.09]
 [ 8.39 10.28]
 [ 0.85  1.51]
 [12.82 10.55]
 [ 4.34  5.73]
 [ 0.73  0.61]
 [12.82 10.23]
 [ 1.75  3.38]
 [12.82  7.4 ]
 [ 0.42  3.33]
 [12.82 10.2 ]
 [ 3.8  10.55]
 [ 8.46  3.31]
 [ 4.58  9.89]
 [ 0.34  2.42]
 [12.82  2.64]
 [ 0.77  2.57]
 [ 5.41  1.46]
 [ 2.66  0.52]
 [10.16  4.98]
 [ 9.17 10.23]
 [ 0.2   1.84]
 [ 0.4   0.5 ]
 [ 5.12 10.55]
 [ 6.32  1.76]
 [ 9.63  4.66]
 [10.22 10.19]
 [12.82 10.18]
 [ 2.3   7.17]
 [ 0.34 10.5 ]
 [ 2.95  1.62]
 [ 3.48  4.03]
 [10.14 10.2 ]
 [ 8.67  4.85]
 [ 5.76  4.24]
 [ 2.48 10.1 ]
 [12.82 10.24]
 [ 1.29  2.45]
 [12.82  3.12]
 [ 7.36 10.2 ]
 [12.82 10.55]
 [12.82  8.31]
 [ 4.31 10.26]
 [ 4.36  0.31]
 [ 9.59 10.35]
 [12.82  2.48]
 [ 6.62 10.23]
 [ 4.52  4.28]
 [ 4.01  6.09]
 [ 5.94  2.53]
 [ 6.1  10.17]
 [12.82  4.51]
 [ 2.31  1.91]
 [ 8.1   2.91]
 [ 2.43  8.02]
 [ 5.3   5.41]
 [ 2.59  0.85]
 [12.82  3.36]
 [ 8.1   1.78]
 [ 1.54  0.26]
 [12.82 10.31]
 [ 4.55  0.72]
 [ 6.6  10.22]
 [ 5.41  7.17]
 [ 2.   10.55]
 [ 4.88  8.66]
 [12.82 10.55]
 [ 1.66  0.64]
 [ 5.25 10.55]
 [12.82  4.4 ]
 [ 1.77  0.98]
 [ 3.41  1.28]
 [ 2.59  1.36]
 [ 6.01  7.89]
 [12.82 10.29]
 [12.82  9.41]
 [ 1.21  2.66]
 [ 5.84  2.85]
 [ 7.96 10.16]
 [ 4.11  3.07]
 [12.82  8.87]
 [ 4.19 10.14]
 [ 0.37  0.24]]