solvers:
['HiGHS', 'COIN-BC']
annotations:
['../models/largest-indomain_max.mzn']
n: Number of products
[1471, 1129, 1091, 929, 30, 473, 1347, 9, 1393, 133, 246, 1037, 1177, 774, 1403, 302, 1214, 1323, 361, 544, 14, 250, 1526, 1477, 82, 684, 138, 1173, 711, 459, 1080, 849, 521, 721, 821, 758, 1175, 1573, 741, 1142, 528, 1358, 936, 614, 152, 1666, 67, 786, 421, 857, 1420, 255, 907, 838, 1326, 1217, 643, 801, 690, 1432, 213, 1057, 1124, 66, 1065, 169, 89, 1123, 452, 1280, 851, 1451, 624, 218, 1102, 1171, 1372, 615, 973, 1210, 721, 981, 625, 44, 3, 875, 1202, 36, 290, 789, 108, 1179, 1012, 1265, 664, 621, 23, 765, 1215, 982, 969, 1421, 255, 326, 247, 136, 1081, 1335, 283, 1332, 904, 182, 953, 104, 553, 611, 710, 168, 396, 1159, 1261, 1598, 949, 1167, 491, 506, 134, 369, 883, 27, 1103, 452, 1317, 1297, 245, 1234, 1412, 951, 1108, 641, 53, 1293, 644, 1169, 799, 450, 1618, 1400, 1287, 307]
Times that took each solver with a timeout of 10s for each instance.
If 20s then it didnt find answer in 10s so reached cmd timeout.
(Values greater than 10s and less than 20 was because minizinc was looking for a last solution).
[[10.    6.59]
 [ 8.49 10.16]
 [ 8.91 10.  ]
 [ 4.84  1.31]
 [ 0.54  4.05]
 [ 1.35  8.62]
 [10.    5.1 ]
 [ 0.12  0.31]
 [10.    4.09]
 [ 1.04  2.89]
 [ 0.7   0.72]
 [ 7.5  10.29]
 [10.   10.29]
 [ 6.3   4.57]
 [10.17  7.91]
 [ 0.88  3.65]
 [ 8.97 10.27]
 [10.    5.65]
 [ 1.06 10.12]
 [ 3.02  5.33]
 [ 0.27  0.57]
 [ 0.99  4.27]
 [10.   10.2 ]
 [10.    6.06]
 [ 0.25  0.89]
 [ 3.71  5.45]
 [ 0.4  10.1 ]
 [10.   10.  ]
 [ 4.86  7.62]
 [ 1.85  1.6 ]
 [ 7.57  6.74]
 [10.    2.32]
 [ 5.13  7.08]
 [ 5.31  5.65]
 [ 5.62  8.26]
 [ 6.31  5.12]
 [ 8.04 10.36]
 [10.   10.28]
 [ 4.19  1.7 ]
 [10.   10.19]
 [ 3.48  1.96]
 [10.    8.52]
 [ 5.2  10.06]
 [ 2.79 10.12]
 [ 1.17  0.98]
 [10.   10.27]
 [ 0.26  0.84]
 [ 7.38  2.53]
 [ 1.69  2.86]
 [ 4.91  4.58]
 [ 2.31 10.23]
 [ 0.8   2.75]
 [10.    6.3 ]
 [ 8.33  5.  ]
 [10.   10.17]
 [ 9.3   9.82]
 [ 3.06  6.19]
 [10.   10.18]
 [ 3.52  2.39]
 [10.    8.01]
 [ 0.86 10.21]
 [ 6.29 10.2 ]
 [ 8.78 10.22]
 [ 0.2   0.68]
 [ 7.95  9.47]
 [ 0.45  0.26]
 [ 0.16  2.43]
 [ 7.34  4.28]
 [ 5.36  2.05]
 [10.   10.  ]
 [ 6.47  3.77]
 [10.    8.64]
 [ 3.08  8.75]
 [ 0.55  7.56]
 [ 8.54  8.73]
 [10.   10.22]
 [10.11 10.26]
 [ 6.05  0.9 ]
 [ 6.66  4.05]
 [10.   10.21]
 [ 3.97  1.78]
 [ 7.23 10.  ]
 [ 2.93 10.01]
 [ 0.28  3.31]
 [10.   10.  ]
 [ 8.94  4.85]
 [10.   10.19]
 [ 0.67  3.56]
 [ 1.13 10.1 ]
 [ 4.18 10.2 ]
 [ 0.57  2.9 ]
 [ 9.15  5.06]
 [ 7.37 10.18]
 [10.   10.38]
 [ 2.94  7.36]
 [ 5.41  8.13]
 [ 0.28  0.59]
 [ 4.37  1.51]
 [ 9.52 10.22]
 [10.   10.18]
 [ 5.73 10.16]
 [10.   10.23]
 [ 1.07  2.18]
 [ 1.    6.82]
 [ 1.15  2.06]
 [ 0.34  3.99]
 [ 8.49  0.84]
 [10.    3.68]
 [ 0.85 10.1 ]
 [ 9.12 10.2 ]
 [ 5.9   2.6 ]
 [ 0.41  4.81]
 [ 7.63  2.3 ]
 [ 0.27  4.61]
 [ 3.9   2.  ]
 [ 2.6   3.33]
 [ 3.03  2.44]
 [ 1.45  2.93]
 [ 1.33 10.8 ]
 [ 8.48 10.  ]
 [10.   10.23]
 [10.    8.01]
 [10.    1.57]
 [10.17  5.57]
 [ 1.89  0.91]
 [ 7.24  3.75]
 [ 3.2   4.69]
 [ 3.51 10.27]
 [ 9.77 10.  ]
 [ 0.26  2.92]
 [10.    7.12]
 [ 5.48  6.12]
 [10.   10.17]
 [10.   10.2 ]
 [ 1.85  3.75]
 [ 8.36 10.22]
 [10.   10.21]
 [ 7.13 10.19]
 [ 7.91  1.02]
 [ 3.57  4.43]
 [ 0.2   0.67]
 [10.    2.95]
 [ 2.11  5.99]
 [ 8.37  3.46]
 [ 4.41  9.44]
 [ 1.59  6.8 ]
 [10.    8.99]
 [ 9.74  6.52]
 [10.17 10.33]
 [ 1.45  4.25]]