solvers:
['HiGHS', 'COIN-BC']
annotations:
['../models/largest-indomain_max.mzn']
n: Number of products
[356, 1383, 256, 573, 1407, 998, 1184, 559, 1058, 539, 772, 1193, 1177, 1195, 1553, 771, 582, 998, 11, 1420, 86, 1203, 1183, 72, 1594, 1321, 558, 264, 1198, 1031, 375, 1433, 424, 1202, 1546, 1559, 1133, 920, 88, 992, 1128, 1367, 448, 150, 115, 850, 884, 552, 637, 259, 449, 281, 305, 18, 1139, 522, 187, 923, 987, 508, 1417, 44, 1211, 1116, 984, 1047, 1306, 291, 1108, 1072, 570, 675, 1317, 810, 200, 782, 1372, 154, 549, 330, 680, 1281, 1355, 781, 276, 462, 988, 1143, 226, 965, 1195, 804, 1486, 1342, 373, 1574, 1340, 78, 402, 524, 998, 1258, 958, 29, 1296, 612, 789, 297, 718, 615, 167, 1556, 1532, 893, 1592, 961, 864, 1214, 374, 1420, 539, 985, 1417, 1364, 593, 912, 291, 1104, 309, 850, 854, 602, 811, 1036, 269, 308, 806, 916, 1392, 1190, 637, 459, 403, 1398, 42, 72, 1053, 981, 705, 1410]
Times that took each solver with a timeout of 10s for each instance.
If 20s then it didnt find answer in 10s so reached cmd timeout.
(Values greater than 10s and less than 20 was because minizinc was looking for a last solution).
[[ 1.12  1.07]
 [10.17 10.17]
 [ 1.66  5.47]
 [ 2.27  2.2 ]
 [10.2  10.23]
 [ 7.33  6.48]
 [10.2   1.29]
 [ 2.79  2.97]
 [ 6.99 10.2 ]
 [ 4.02  0.96]
 [ 4.86 10.38]
 [ 5.6   9.2 ]
 [10.15  4.33]
 [10.16 10.15]
 [10.2  10.22]
 [ 9.74 10.18]
 [ 2.32 10.25]
 [ 8.96 10.23]
 [ 0.18  0.38]
 [10.2   6.73]
 [ 0.46  0.56]
 [ 9.8   3.76]
 [ 7.96  2.48]
 [ 0.27  0.67]
 [10.2  10.27]
 [10.2   3.43]
 [ 3.43  1.08]
 [ 0.75 10.19]
 [10.2  10.18]
 [10.2  10.19]
 [ 3.46  2.86]
 [10.2   4.15]
 [ 2.25  1.23]
 [10.16  7.56]
 [10.2  10.64]
 [10.2   4.42]
 [ 7.6   3.08]
 [ 4.86  6.21]
 [ 0.52  0.51]
 [ 5.54 10.21]
 [ 8.87  8.46]
 [10.2   2.37]
 [ 1.8   2.95]
 [ 0.44  5.64]
 [ 0.67 10.09]
 [ 6.15  2.17]
 [ 6.18 10.18]
 [ 6.33  0.88]
 [ 4.55  6.04]
 [ 2.14  5.17]
 [ 3.97 10.19]
 [ 0.83 10.58]
 [ 0.85  6.83]
 [ 0.3   0.61]
 [ 0.8  10.31]
 [ 3.46  1.61]
 [ 0.29  9.83]
 [ 1.29 10.2 ]
 [ 8.05  6.14]
 [ 6.86  5.29]
 [ 9.34 10.17]
 [ 0.23  0.77]
 [10.2   2.04]
 [ 6.07  2.41]
 [ 6.8   1.42]
 [ 7.15  5.63]
 [10.2   8.59]
 [ 0.92 10.32]
 [ 6.1  10.64]
 [ 7.74  0.91]
 [ 3.9   6.57]
 [ 3.94 10.15]
 [10.2   9.66]
 [ 7.99 10.18]
 [ 0.3  10.38]
 [ 7.64  2.26]
 [10.2  10.26]
 [ 0.39  0.41]
 [ 2.38  8.08]
 [ 3.59  1.68]
 [ 4.78  3.63]
 [10.2  10.64]
 [ 9.89 10.28]
 [ 4.29  9.59]
 [ 0.92  3.02]
 [ 1.64  3.16]
 [ 7.72 10.18]
 [10.2   3.31]
 [ 0.6   3.01]
 [ 6.42 10.2 ]
 [10.2   3.12]
 [ 5.53 10.2 ]
 [10.2  10.27]
 [ 9.12 10.64]
 [ 4.99 10.64]
 [10.2  10.2 ]
 [ 1.91 10.17]
 [ 0.35  0.67]
 [ 6.34  2.3 ]
 [ 4.6   1.49]
 [ 7.23 10.31]
 [10.    3.24]
 [ 6.31  4.59]
 [ 0.26  4.2 ]
 [10.2  10.2 ]
 [ 2.01  1.65]
 [ 8.67  8.7 ]
 [ 0.88 10.12]
 [ 4.89  3.17]
 [ 2.65 10.25]
 [ 0.84  0.5 ]
 [10.2  10.31]
 [10.2   5.25]
 [ 5.64  8.07]
 [10.2  10.21]
 [ 7.93  8.44]
 [ 4.91  3.57]
 [10.2  10.21]
 [ 2.78 10.64]
 [10.2  10.3 ]
 [ 3.88  3.95]
 [10.2  10.64]
 [10.2  10.31]
 [10.2  10.26]
 [ 3.37  0.71]
 [ 6.04 10.17]
 [ 1.35 10.23]
 [ 8.29  3.98]
 [ 1.02 10.31]
 [10.2   0.45]
 [10.2   7.41]
 [ 4.91  1.2 ]
 [ 8.37 10.15]
 [ 5.93 10.21]
 [ 2.53  3.43]
 [ 1.83  0.98]
 [ 4.69  5.51]
 [ 5.7  10.29]
 [10.2   7.39]
 [10.2   8.75]
 [ 4.1   0.77]
 [ 2.03  3.26]
 [ 4.29  3.7 ]
 [10.2  10.21]
 [ 0.21  0.12]
 [ 0.24  1.55]
 [ 6.93 10.18]
 [ 8.    5.23]
 [ 6.72  2.33]
 [10.2   5.51]]