solvers:
['HiGHS', 'COIN-BC']
annotations:
['../models/largest-indomain_max.mzn']
n: Number of products
[122, 1578, 488, 1308, 275, 884, 722, 1050, 558, 1409, 1274, 114, 399, 627, 880, 1559, 659, 417, 1548, 1491, 1557, 828, 1220, 1614, 83, 1542, 1054, 1023, 1162, 1208, 919, 1037, 416, 387, 464, 989, 1279, 10, 1007, 1629, 344, 1280, 139, 375, 1532, 667, 596, 707, 408, 1142, 910, 865, 1589, 895, 549, 1176, 1442, 445, 913, 1239, 229, 1370, 1664, 1250, 664, 1053, 1199, 796, 596, 874, 260, 1571, 1310, 1482, 1569, 1052, 1097, 1235, 105, 318, 643, 447, 1519, 1516, 1609, 1563, 680, 859, 590, 1480, 1571, 465, 1017, 1425, 814, 1520, 1416, 228, 1431, 1302, 469, 876, 505, 1104, 619, 610, 352, 851, 138, 933, 262, 1382, 736, 150, 7, 273, 1010, 871, 403, 429, 1628, 1610, 322, 919, 480, 685, 468, 1123, 724, 507, 41, 540, 274, 190, 932, 1124, 594, 1688, 1074, 1469, 262, 724, 189, 333, 1442, 1201, 137, 752, 1186, 1294, 793, 209, 1341, 29, 1085, 65, 241, 475, 1220, 1686, 1176, 9, 1270, 1001, 195, 350, 1373, 1596, 828, 603, 869, 1285, 1307, 810, 12, 1447, 1407, 816, 1133, 720, 1553, 670, 1427, 1048, 551, 1317, 843, 475, 1297, 143, 4, 538, 722, 6, 607, 261, 1145, 705, 1237, 1671, 935, 890, 220, 1101, 981, 1692, 1185, 879, 1577, 166, 1106, 557, 1101, 1695, 1345, 1575, 674, 924, 4, 1626, 427, 370, 1129, 1214, 1370, 1492, 1126, 1485, 784, 546, 76, 185, 156, 1078, 932, 1057, 733, 404, 1400, 504, 1680, 680, 1362, 1336, 977, 918, 1096, 202, 979, 1201, 1334, 1147, 1437, 529, 138, 1477, 1602, 996, 821, 1212, 734, 1021, 1480, 1145, 1379, 576, 1483, 1054, 911, 1052, 1647, 664, 672, 1323, 1212, 48, 1300, 264, 847, 199, 707, 17, 1390, 810, 1166, 840, 1004, 632, 199, 893, 703, 390, 1071, 287, 239, 250, 1530, 164, 1355, 794, 1130, 212, 103, 1034, 511, 605, 201, 12, 1548, 1692, 1427, 72, 105, 1451, 1505, 680, 736, 1506, 779, 1688, 1298, 1045, 1440, 780, 344, 655, 321, 573, 235, 1273, 674, 1642, 984, 1203, 215, 1453, 1404, 1612, 1237, 1366, 786, 1202, 1457, 1523, 606, 775, 565, 48, 266, 608, 1632, 125, 1629, 141, 1072, 363, 1134, 419, 1436, 1265, 423, 816, 972, 1291, 105, 1158, 459, 19, 445, 1433, 922, 711, 778, 542, 505, 84, 64, 212, 1251, 1379, 1584, 1478, 1342, 1196, 126, 1503, 1019, 1217, 402, 1117, 1172, 193, 1067, 1386, 1269, 811, 337, 1318, 662, 131, 323, 658, 218, 408, 1619, 1648, 1132, 1565, 531, 243, 721, 915, 226, 1650, 946, 510, 1428, 1135, 398, 406, 1655, 604, 1154, 1154, 1287, 202, 131, 1269, 936, 1155, 1381, 528, 481, 406, 708, 114, 282, 1460, 1123, 617, 403, 1163, 1023, 1623, 370, 1666, 600, 74, 1225, 806, 1673, 123, 605, 1525, 1194, 785, 704, 695, 907, 267, 308, 192, 1542, 1496, 264, 1369, 843, 979, 1192, 1506, 159, 874, 574, 255, 70, 724, 318, 1577, 1555, 1169, 1610, 1455, 1146, 456, 330, 1590, 1687, 1351, 1477, 98, 1125, 1566, 657, 293, 1559, 1226, 889, 1162, 1367, 1019, 329, 393, 1440, 232, 756, 1, 1076, 1625, 1174, 783, 1106, 606, 1656, 803, 1523, 560, 400, 8, 1271, 420, 148, 653, 409, 1270, 690, 960, 92, 387, 1084, 950, 91, 636, 33, 1099, 731, 280, 173, 160, 741, 1105, 196, 1184, 1029, 1181, 496, 1662, 1639, 457, 928, 831, 1053, 1033, 593, 1678, 1283, 508, 1334, 837, 1651, 438, 1345, 1264, 483, 143, 15, 1451, 456, 972, 645, 446, 1650, 1655, 1414, 9, 33, 817, 311, 1163, 549, 172, 188, 1391, 476, 807, 273, 310, 1170, 633, 1170, 931, 231, 1184, 255, 1536, 1555, 218, 1251, 401, 562, 1452, 163, 359, 708, 1399, 283, 1300, 1159, 1177, 211, 661, 500, 132, 156, 1483, 864, 514, 161, 486, 937, 1361, 1573, 139, 96, 801, 801, 1146, 1013, 311, 572, 1427, 55, 779, 219, 1273, 849, 544, 1153, 994, 1529, 788, 1304, 190, 705, 1014, 724, 1687, 1293, 147, 1491, 972, 1578, 669, 1092, 296, 158, 1245, 200, 121, 436, 708, 93, 1213, 1013, 764, 529, 578, 235, 406, 460, 1412, 394, 41, 1656, 214, 545, 1226, 108, 178, 1599, 451, 715, 1289, 1526, 1267, 1584, 585, 1195, 969, 1230, 469, 707, 104, 510, 984, 466, 1376, 374, 1274, 1104, 995, 1575, 511, 456, 711, 537, 1477, 203, 947, 804, 401, 888, 866, 240, 1648, 769, 1550, 190, 537, 1343, 1528, 1688, 1534, 1476, 973, 472, 1417, 626, 460, 1510, 1204, 1285, 652, 48, 1408, 1603, 509, 708, 1684, 1339, 1365, 871, 93, 304, 1406, 919, 325, 1251, 251, 1139, 713, 908, 953, 453, 894, 1364, 660, 56, 1362, 444, 232, 729, 960, 1075, 1133, 594, 1183, 1566, 890, 1333, 1569, 1601, 911, 695, 518, 1622, 930, 187, 1493, 1585, 939, 1573, 96, 1538, 1532, 1468, 1547, 1513, 1328, 484, 1190, 1006, 1518, 470, 1269, 602, 313, 1654, 553, 491, 293, 1699, 406, 996, 960, 1577, 1588, 361, 760, 1393, 157, 611, 1129, 26, 196, 153, 1348, 679, 1272, 1093, 159, 270, 814, 855, 131, 936, 1258, 717, 850, 935, 1504, 266, 661, 1025, 392, 680, 1443, 1547, 1638, 174, 25, 1662, 92, 510, 152, 843, 346, 1212, 1655, 1587, 1616, 874, 437, 912, 1548, 799, 1587, 1102, 1241, 187, 929, 1206, 739, 953, 456, 652, 823, 1629, 1582, 992, 1492, 379, 261, 577, 1291, 75, 592, 1211, 1056, 324, 673, 251, 698, 405, 1610, 584, 1177, 111, 635, 200, 220, 228, 1120, 273, 1249, 1128, 839, 176, 324, 1160, 886, 14, 272, 936, 873, 1054, 103, 971, 836, 205, 1021, 61, 1120, 601, 1365, 1443, 1550, 1453, 28, 1061, 686, 889, 300, 790, 602, 1367, 1420, 864, 835, 1517, 1405, 892, 742, 474, 1132, 1643, 176, 459, 881, 1506, 809, 1190, 233, 456, 1606, 1100, 455, 465, 1448, 1249, 1515, 138, 157, 1296, 1501, 221, 1501, 653, 1185, 225, 81, 1641, 1636, 251, 574, 59, 619, 408, 1071, 705, 428, 1095, 234, 1257, 862, 86, 1062, 468, 666, 79, 151, 478, 1469, 1600, 819, 600, 447, 452, 1145, 1598, 982, 869, 959, 1447, 5, 1107, 668, 1506, 108, 1587, 547]
Times that took each solver with a timeout of 10s for each instance.
If 20s then it didnt find answer in 10s so reached cmd timeout.
(Values greater than 10s and less than 20 was because minizinc was looking for a last solution).
[[ 0.35  8.7 ]
 [13.76 10.97]
 [ 1.77  5.64]
 ...
 [ 0.32  0.91]
 [13.76 10.18]
 [ 5.51  4.44]]