solvers:
['HiGHS', 'COIN-BC']
annotations:
['../models/largest-indomain_max.mzn']
n: Number of products
[215, 1625, 954, 1765, 1108, 27, 910, 173, 206, 1658, 119, 1667, 124, 1603, 693, 423, 306, 1491, 335, 1411, 190, 101, 1557, 108, 922, 381, 1093, 1616, 1433, 1633, 217, 6, 279, 7, 1152, 1264, 1698, 661, 252, 1420, 97, 350, 1567, 1571, 533, 1601, 1759, 33, 1379, 1637, 732, 1515, 1128, 1330, 1143, 139, 1609, 838, 437, 841, 1795, 81, 1584, 777, 800, 666, 601, 1211, 869, 805, 929, 1365, 1135, 722, 1115, 1761, 1481, 1205, 879, 46, 1491, 317, 238, 774, 774, 1107, 1360, 43, 1668, 1369, 1797, 705, 1336, 34, 115, 1374, 1098, 216, 707, 176, 1053, 1563, 1102, 1165, 694, 1570, 1098, 63, 1669, 1001, 264, 393, 1145, 335, 78, 1540, 243, 1270, 796, 938, 57, 1415, 286, 503, 1161, 37, 1767, 1605, 883, 613, 842, 820, 935, 893, 484, 825, 279, 323, 271, 456, 229, 745, 577, 479, 771, 1484, 49, 491, 1661, 944, 415, 1421, 830, 1142, 1743, 365, 355, 1525, 885, 1226, 1154, 1656, 1343, 1044, 907, 1459, 458, 1739, 906, 400, 38, 20, 96, 538, 943, 460, 300, 1623, 1611, 389, 798, 519, 1394, 935, 1665, 435, 864, 1747, 1282, 1435, 1227, 1017, 600, 1164, 923, 1391, 824, 1289, 1283, 873, 1396, 1412, 1383, 408, 932, 1586, 751, 1561, 67, 1701, 938, 1331, 1403, 266, 376, 1693, 150, 1569, 890, 1725, 645, 500, 1599, 1516, 585, 1420, 779, 1582, 622, 678, 899, 849, 605, 1078, 1546, 1709, 136, 986, 413, 160, 1216, 1530, 1405, 1516, 71, 476, 1098, 1246, 1027, 46, 846, 1576, 1010, 86, 1198, 1027, 993, 1405, 410, 273, 623, 301, 252, 391, 615, 1218, 1767, 429, 635, 1699, 1631, 1387, 1325, 199, 993, 829, 842, 1712, 1403, 576, 1627, 617, 597, 731, 1678, 931, 210, 1473, 17, 206, 546, 317, 1658, 151, 232, 1782, 1180, 566, 1771, 387, 403, 1785, 1084, 1063, 662, 1322, 317, 88, 428, 1180, 36, 632, 745, 927, 86, 598, 286, 1236, 1441, 415, 726, 433, 107, 1130, 230, 1572, 1603, 473, 1065, 834, 1206, 295, 559, 381, 118, 1058, 792, 1311, 1619, 1728, 706, 92, 863, 895, 815, 463, 1045, 1218, 367, 1457, 1477, 1254, 1481, 1065, 1571, 1154, 1104, 790, 1604, 370, 1090, 686, 274, 953, 1741, 1149, 958, 883, 676, 572, 998, 486, 1074, 327, 457, 1699, 986, 1042, 864, 797, 1156, 1521, 1114, 1245, 1243, 1407, 1096, 738, 1362, 414, 158, 1641, 1084, 1120, 818, 1108, 534, 526, 1669, 1458, 775, 1044, 1049, 116, 501, 90, 940, 948, 1764, 155, 767, 1198, 724, 407, 129, 403, 954, 20, 1172, 137, 1776, 444, 37, 245, 104, 21, 682, 968, 1633, 1341, 445, 467, 986, 695, 1750, 4, 1015, 1136, 1299, 359, 1665, 899, 790, 1133, 950, 985, 360, 397, 751, 290, 1252, 1543, 772, 290, 1065, 873, 132, 1255, 1070, 446, 1329, 201, 1332, 1728, 1514, 268, 151, 1199, 1255, 761, 147, 45, 1678, 1658, 447, 923, 1736, 1782, 128, 1161, 941, 736, 1319, 610, 1187, 1473, 56, 1430, 302, 1255, 1261, 1598, 1678, 207, 27, 1493, 566, 1567, 317, 1151]
Times that took each solver with a timeout of 10s for each instance.
If 20s then it didnt find answer in 10s so reached cmd timeout.
(Values greater than 10s and less than 20 was because minizinc was looking for a last solution).
[[ 0.66  1.52]
 [20.   10.18]
 [ 7.07  9.17]
 [20.    4.85]
 [ 8.76  9.29]
 [ 0.29  7.1 ]
 [ 9.03  3.43]
 [ 1.72  0.32]
 [ 0.93  1.19]
 [20.   10.25]
 [ 0.31  0.53]
 [20.    6.62]
 [ 0.31 10.1 ]
 [20.    2.95]
 [ 3.22  1.79]
 [ 1.79  2.66]
 [ 1.81 10.12]
 [10.17 10.2 ]
 [ 1.15 10.1 ]
 [ 9.52  8.82]
 [ 0.56  4.95]
 [ 0.46  4.06]
 [20.    4.48]
 [ 0.56  0.46]
 [ 5.82  2.79]
 [ 1.68 10.1 ]
 [ 7.28  3.48]
 [20.    8.3 ]
 [20.   10.19]
 [20.   10.23]
 [ 1.18  0.69]
 [ 0.17  0.24]
 [ 0.63  8.  ]
 [ 0.24  0.5 ]
 [ 9.07  7.95]
 [ 2.16 10.21]
 [20.   10.25]
 [ 3.53  3.17]
 [ 0.81 10.19]
 [20.    4.65]
 [ 0.35  0.44]
 [ 1.2   0.5 ]
 [20.   10.23]
 [20.    7.22]
 [ 3.45 10.27]
 [20.    8.32]
 [20.   10.29]
 [ 0.32  1.85]
 [ 9.58  2.3 ]
 [20.   10.33]
 [ 4.12 10.16]
 [20.    7.68]
 [20.    2.19]
 [ 8.59 20.  ]
 [ 6.96  9.36]
 [ 1.06  3.01]
 [20.   10.25]
 [10.13  2.09]
 [ 1.62 20.  ]
 [ 3.6  10.26]
 [20.   10.2 ]
 [ 0.64 10.16]
 [20.    6.43]
 [ 3.92  4.23]
 [ 5.58 10.22]
 [ 3.05  8.19]
 [ 2.79 10.2 ]
 [ 7.82  7.64]
 [ 7.18  3.12]
 [ 5.1   3.41]
 [ 8.21  5.76]
 [10.16 10.2 ]
 [ 8.39 20.  ]
 [ 5.27  9.92]
 [ 9.02  4.61]
 [20.    2.03]
 [20.   10.17]
 [ 9.78 10.17]
 [ 6.2   6.59]
 [ 0.22  1.46]
 [20.   10.17]
 [ 1.22  9.22]
 [ 0.56  0.56]
 [ 4.51  5.44]
 [ 4.76  6.58]
 [ 7.52  1.09]
 [20.   10.18]
 [ 0.21  0.32]
 [20.    6.22]
 [20.    2.83]
 [20.   10.25]
 [ 6.24 20.  ]
 [ 0.32 10.28]
 [ 0.18  5.94]
 [ 0.27  0.36]
 [20.    7.1 ]
 [ 8.63  6.42]
 [ 0.75  1.94]
 [ 8.68  2.89]
 [ 0.58  1.29]
 [20.    5.07]
 [20.    1.07]
 [ 8.39 10.19]
 [ 8.81  7.31]
 [ 1.46  5.28]
 [20.    5.29]
 [20.    9.9 ]
 [ 0.23  1.84]
 [20.    1.46]
 [ 6.43 10.16]
 [ 1.37  4.58]
 [ 2.75  7.  ]
 [ 7.33  5.28]
 [ 0.93  6.14]
 [ 0.27  1.85]
 [20.   10.21]
 [ 0.58  8.67]
 [10.17  1.92]
 [ 5.64 10.28]
 [ 5.41  5.4 ]
 [ 0.4   0.78]
 [20.   10.21]
 [ 0.97  5.52]
 [ 2.09  1.68]
 [ 8.61  1.3 ]
 [ 0.16  1.28]
 [20.   10.19]
 [20.    1.32]
 [20.    4.57]
 [ 3.19  3.27]
 [ 3.89  4.07]
 [ 4.97  3.52]
 [ 4.95  2.48]
 [ 5.    9.88]
 [ 1.57  3.17]
 [ 5.35 10.32]
 [ 1.18 10.1 ]
 [ 1.01 20.  ]
 [ 0.67  3.33]
 [ 1.74  2.18]
 [ 2.82  1.43]
 [ 3.63 10.14]
 [ 2.5   6.5 ]
 [ 2.14  5.11]
 [ 9.4  20.  ]
 [20.   10.24]
 [ 0.19  0.61]
 [ 2.33  2.37]
 [20.   10.22]
 [ 5.76  5.81]
 [ 2.29  7.07]
 [20.   10.27]
 [ 3.34 10.15]
 [ 6.71  9.81]
 [20.    6.35]
 [ 1.72 10.55]
 [ 0.74 10.72]
 [20.   10.24]
 [ 7.74  1.1 ]
 [ 9.15  2.15]
 [ 8.96  2.4 ]
 [20.   10.22]
 [ 9.05 10.16]
 [ 7.06 10.24]
 [20.    1.1 ]
 [20.    7.39]
 [ 0.45  3.15]
 [20.    9.54]
 [ 3.72 10.16]
 [ 1.68  3.99]
 [ 0.27  3.78]
 [ 0.14  1.43]
 [ 0.21  1.09]
 [ 5.03  1.4 ]
 [ 6.37  3.62]
 [ 3.15  0.57]
 [ 1.34  0.4 ]
 [20.   10.2 ]
 [20.   10.21]
 [ 1.45  3.87]
 [ 4.36  2.33]
 [ 2.67  3.06]
 [20.   10.18]
 [ 6.17 10.13]
 [20.    7.86]
 [ 2.    7.19]
 [ 4.91  3.46]
 [20.   10.25]
 [ 9.57  9.67]
 [20.    7.91]
 [20.   10.27]
 [ 7.78 10.23]
 [ 3.03  6.62]
 [ 7.83 10.02]
 [ 9.22 20.  ]
 [20.    3.8 ]
 [ 5.11  3.7 ]
 [ 8.66  2.34]
 [20.    5.67]
 [ 4.75  1.98]
 [20.   10.23]
 [20.   10.18]
 [20.    8.6 ]
 [ 2.66  1.66]
 [ 5.54  9.59]
 [20.   10.19]
 [ 3.87  5.51]
 [20.    7.37]
 [ 0.42  3.35]
 [20.    3.85]
 [20.    4.5 ]
 [20.   20.  ]
 [20.    1.53]
 [ 0.72  0.84]
 [ 1.32  6.1 ]
 [20.   10.29]
 [ 0.39  0.9 ]
 [20.   20.  ]
 [ 4.85  2.52]
 [20.   10.18]
 [ 2.91  5.9 ]
 [ 7.18  4.28]
 [20.   10.18]
 [20.   10.21]
 [ 3.31  1.68]
 [20.   10.12]
 [ 3.61  5.86]
 [20.   10.22]
 [ 2.84  6.64]
 [ 8.14  2.01]
 [ 4.79  7.38]
 [ 4.15  2.94]
 [ 2.6   3.28]
 [ 7.68  7.49]
 [20.   10.24]
 [ 4.83 10.39]
 [ 0.59  3.36]
 [ 7.43  1.97]
 [ 1.18 10.12]
 [ 1.12  0.64]
 [ 7.   10.18]
 [20.    2.52]
 [20.   10.29]
 [20.    2.71]
 [ 0.37  0.28]
 [ 1.28  0.73]
 [10.15 10.24]
 [20.    1.9 ]
 [ 6.58  4.72]
 [ 0.23  2.43]
 [ 4.78  6.14]
 [20.    9.1 ]
 [ 6.97  6.24]
 [ 0.32  5.12]
 [ 9.09  8.7 ]
 [20.    3.02]
 [ 6.86  1.37]
 [20.   10.18]
 [ 1.54  5.05]
 [ 2.37  0.31]
 [ 6.33 10.13]
 [ 1.26 10.11]
 [ 1.52  3.78]
 [ 1.62  3.06]
 [ 2.75  1.22]
 [ 8.73 20.  ]
 [20.    7.24]
 [ 1.61  4.22]
 [ 3.23  1.8 ]
 [20.   20.  ]
 [20.    7.48]
 [20.   10.18]
 [20.    8.41]
 [ 0.58  0.49]
 [ 4.49  4.18]
 [ 4.87  2.91]
 [ 3.74  9.12]
 [20.   10.32]
 [20.    3.93]
 [ 6.16  1.18]
 [20.    8.73]
 [ 6.82  2.37]
 [ 5.94  3.23]
 [ 6.26 10.09]
 [20.   10.19]
 [20.    1.2 ]
 [ 1.13  3.18]
 [20.    5.93]
 [ 0.27  0.58]
 [ 1.27  2.17]
 [ 5.11  5.03]
 [ 1.61  8.65]
 [20.    0.87]
 [ 0.39  3.66]
 [ 0.74  0.92]
 [20.    3.04]
 [ 9.09 10.21]
 [ 2.53  5.5 ]
 [20.   10.34]
 [ 1.42  1.55]
 [ 1.67 20.  ]
 [20.   20.  ]
 [ 7.84 20.  ]
 [ 8.39 20.  ]
 [ 3.16  2.19]
 [ 9.41 10.19]
 [ 1.38 20.  ]
 [ 0.46  0.68]
 [ 2.41  2.62]
 [20.    9.73]
 [ 0.46  8.43]
 [ 2.51 10.2 ]
 [ 4.84 10.18]
 [10.13 10.18]
 [ 0.4   0.55]
 [ 2.79  0.97]
 [ 2.39 10.63]
 [20.    1.12]
 [20.   10.28]
 [ 2.44  1.42]
 [ 3.38  8.62]
 [ 1.98  1.72]
 [ 0.46  0.19]
 [ 7.96  9.37]
 [ 0.84  1.23]
 [20.   10.2 ]
 [20.   10.27]
 [ 3.73  0.63]
 [ 4.65 10.16]
 [ 7.18 10.14]
 [ 9.97  2.69]
 [ 0.85  0.85]
 [ 2.66  8.61]
 [ 1.81 20.  ]
 [ 0.32  5.31]
 [20.   10.37]
 [ 3.54 10.18]
 [20.    2.79]
 [20.   10.2 ]
 [20.    1.97]
 [ 4.01 10.2 ]
 [ 1.67  9.53]
 [ 5.99  5.63]
 [ 9.28  9.14]
 [ 6.26  1.7 ]
 [ 2.19  4.31]
 [ 7.2  10.32]
 [10.04  9.39]
 [ 1.62  1.9 ]
 [20.    9.49]
 [20.   10.27]
 [ 6.71  1.14]
 [20.   10.17]
 [ 7.32 20.  ]
 [20.    4.32]
 [10.09  4.83]
 [20.    2.54]
 [ 9.13 10.12]
 [20.   10.34]
 [ 1.48  4.48]
 [12.23  2.26]
 [ 2.29  8.53]
 [ 0.65  9.09]
 [ 4.65  1.09]
 [20.    4.13]
 [ 1.63  7.82]
 [ 8.93  7.94]
 [ 5.3   2.83]
 [ 7.31 10.21]
 [ 1.87  8.49]
 [ 6.97 10.16]
 [ 3.11  0.41]
 [ 5.85 10.26]
 [ 1.53 10.22]
 [ 1.66  2.77]
 [20.   10.2 ]
 [12.22  7.23]
 [ 8.33  5.42]
 [20.    5.99]
 [ 0.26 20.  ]
 [ 7.53  3.56]
 [10.17  2.89]
 [ 8.39 10.16]
 [20.   10.21]
 [ 9.9   9.47]
 [20.   20.  ]
 [ 6.64  6.21]
 [ 8.06  3.25]
 [20.   10.22]
 [ 1.72 10.16]
 [ 1.04  5.76]
 [20.   10.19]
 [20.    2.07]
 [ 7.22 10.2 ]
 [ 7.2  10.22]
 [20.    4.21]
 [ 4.24  2.07]
 [ 2.42  1.31]
 [20.   20.  ]
 [20.   10.17]
 [ 4.28  4.16]
 [20.   10.19]
 [ 6.88  6.77]
 [ 0.38  1.12]
 [ 1.81  2.63]
 [ 0.32  0.51]
 [ 5.04  6.03]
 [ 6.34 10.16]
 [20.   10.25]
 [ 0.84  1.6 ]
 [ 4.29 10.23]
 [ 8.72 10.4 ]
 [ 2.29 10.19]
 [ 1.85 11.04]
 [ 0.3   2.57]
 [ 2.26  0.58]
 [ 6.13 10.17]
 [ 0.18  0.62]
 [20.    5.61]
 [ 0.46  9.68]
 [20.   10.02]
 [ 1.77  1.79]
 [ 0.17  0.96]
 [ 0.64  4.72]
 [ 0.92  0.87]
 [ 0.19  0.56]
 [ 1.05  2.33]
 [20.    1.52]
 [ 2.61 10.18]
 [20.    3.63]
 [ 2.05  6.8 ]
 [ 1.89 10.17]
 [ 5.96  6.24]
 [ 3.21  3.42]
 [20.    8.79]
 [ 0.24  0.2 ]
 [ 8.21  3.76]
 [20.    2.88]
 [20.    3.79]
 [ 1.12  7.43]
 [20.   10.25]
 [ 5.01  7.76]
 [ 3.49 10.27]
 [ 6.02 10.22]
 [ 6.51  8.56]
 [20.    1.53]
 [ 1.62  0.95]
 [ 3.82  1.18]
 [ 4.42  7.46]
 [ 0.29 10.1 ]
 [ 9.19 20.  ]
 [20.   10.22]
 [ 3.74  4.04]
 [ 1.3  10.37]
 [ 9.46 10.16]
 [ 4.88  5.88]
 [ 0.71  3.27]
 [ 8.29 10.19]
 [ 8.45  1.56]
 [ 1.96  0.32]
 [20.   10.21]
 [ 0.89 10.09]
 [20.   10.38]
 [20.    2.98]
 [20.   10.19]
 [ 2.96 10.72]
 [ 0.92  2.65]
 [ 9.65  2.82]
 [ 9.46  6.4 ]
 [ 4.62  6.  ]
 [ 0.42  5.66]
 [ 0.17  0.26]
 [20.   10.29]
 [20.    2.49]
 [ 1.87  1.5 ]
 [20.    1.51]
 [20.    5.31]
 [20.    9.  ]
 [ 1.06  2.03]
 [10.15 10.15]
 [ 4.72  3.04]
 [ 4.06  2.55]
 [20.    1.98]
 [ 2.72  7.19]
 [ 7.97  5.22]
 [20.    1.16]
 [ 0.62  6.37]
 [20.   10.26]
 [ 0.85  1.11]
 [20.   20.  ]
 [10.15  2.87]
 [20.    5.08]
 [20.   10.22]
 [ 0.59 10.19]
 [ 0.17  7.93]
 [20.   10.18]
 [ 2.98  3.54]
 [20.   10.24]
 [ 0.79  4.08]
 [ 9.62  9.34]]